555 | 44888888 | 777778 | 5555 | 2 | 88777 | 7777 | 7775 | 22 | 48888 | 4777588 | 857 | 488877 | 4444 | 
5 | 444 | 5555 | 7877 | 88888 | 8888 | 777 | 5758 | 422 | 8888888 | 7777 | 7777 | 88 | 5555555 | 85 | 887 | 8888 | 777 | 7777 | 5555 | 4448888 | 777 | 585 | 77775 | 
8 | 67 | 49 | 4 | 555 | 755 | 85758 | 857775 | 85857 | 7575 | 777 | 555 | 8775 | 67775 | 8577 | 5555 | 67 | 337 | 68775 | 77 | 6777 | 5558 | 66857 | 6 | 109 | 65555 | 8585 | 88777 | 5858 | 8585 | 588585 | 58585 | 585858 | 75588 | 98575 | 5775 | 6777 | 888 | 
757 | 5588 | 6887 | 877 | 55 | 8888 | 788 | 77775 | 9109 | 667 | 655 | 67 | 488 | 105 | 95 | 10 | 5857 | 3655 | 7775 | 885 | 9109 | 8858 | 1049 | 4 | 109 | 755555 | 65555 | 655 | 8758 | 555 | 109109 | 88858 | 5555 | 77787 | 558 | 8585 | 5858 | 758 | 688 | 85857 | 57575 | 5777 | 575757 | 85 | 58577 | 7758 | 555 | 109 | 
7555 | 337 | 8575757 | 888 | 8577 | 5757 | 55875 | 875 | 8755 | 44 | 37758 | 7585 | 5858 | 77 | 910910 | 49 | 1047775 | 8585 | 5858575 | 58575 | 6655 | 6857 | 555 | 26655 | 87788 | 910910910 | 755 | 8877 | 85 | 9109 | 8788888 | 585858 | 55 | 
777855 | 85757 | 85 | 6557 | 5557 | 33 | 577 | 3 | 85857 | 365 | 65 | 377777 | 88 | 910910 | 33 | 11 | 666 | 57575 | 8888 | 4 | 77777 | 87 | 875 | 88885 | 887 | 910 | 877 | 857 | 855 | 77777 | 7777 | 7585 | 575 | 255 | 6775 | 337 | 4988 | 10 | 3758 | 777 | 878 | 777777 | 9 | 5887 | 555 | 88 | 858575 | 8885 | 8888 | 7788 | 77777 | 885 | 777 | 7778 | 8575 | 37 | 10 | 775 | 887 | 67 | 3377785 | 888888 | 755 | 88777 | 7778 | 
55 | 1055 | 1 | 655 | 47775 | 57758 | 857 | 557 | 557 | 555 | 888887 | 44 | 55 | 77777 | 85 | 6 | 4 | 377775 | 88 | 7777 | 5555555 | 8887 | 8855 | 
5555 | 35555 | 12 | 44 | 10910 | 13666 | 78 | 2 | 910910910 | 5555555 | 66 | 31577 | 88577 | 75857 | 8575 | 65 | 378875 | 3788 | 55555 | 5555 | 7585 | 555555 | 910910 | 3 | 2 | 7 | 6785 | 910910 | 1 | 888 | 7585 | 77777 | 885 | 7775 | 8877 | 
55 | 4 | 1113 | 2225 | 6777 | 888 | 75857 | 87 | 487 | 1 | 87787 | 855 | 77 | 8577 | 55 | 88 | 75857 | 885758 | 758 | 78 | 47577 | 88 | 7585 | 7777 | 888 | 757 | 88585 | 7 | 
5557 | 857 | 857 | 8555555 | 855 | 88 | 758 | 75 | 157 | 65 | 44444 | 788755 | 877 | 5557 | 444 | 687 | 26687 | 85 | 78 | 487787 | 8755 | 487 | 1 | 855 | 88 | 7777 | 887 | 887 | 8787 | 887 | 87 | 8777 | 665 | 65 | 65 | 88888 | 7755 | 787 | 875 | 777778 | 757 | 85 | 88888 | 777 | 875 | 775 | 
55 | 4 | 1 | 43 | 9 | 104775 | 66878 | 555 | 888 | 377 | 43157 | 888 | 448855 | 777 | 5555 | 575 | 58 | 31675 | 368 | 5555 | 758 | 757 | 3 | 
58888 | 55555 | 55555 | 55555 | 777778 | 43 | 577 | 4 | 167 | 85 | 9 | 257 | 6578 | 9 | 487785 | 8888885 | 777777 | 88 | 555555 | 88888 | 8888 | 55 | 855 | 775 | 88855 | 88 | 555 | 7558 | 4 | 33685 | 375 | 777 | 666 | 2 | 
337788 | 2 | 4 | 555 | 33 | 111 | 77788 | 1366 | 377 | 910910910910 | 
555 | 758577 | 8857575 | 77 | 33655 | 77778 | 9109 | 7788 | 657 | 66877 | 55 | 775858 | 858 | 8577 | 1058 | 98577 | 85 | 66 | 105 | 37775 | 9109 | 6666666 | 77 | 57585 | 610 | 985 | 7777 | 8777 | 57 | 855 | 8 | 358 | 555555 | 55555 | 88 | 555555 | 55555 | 55555 | 55555 | 66555 | 109 | 5555 | 66 | 6758 | 666 | 8575 | 688 | 858 | 857 | 85777 | 68855 | 66 | 
5577 | 55557 | 857 | 55 | 7777 | 55 | 77 | 44444 | 5575 | 7775 | 7775 | 
444 | 55 | 75555 | 8577 | 55 | 755 | 77 | 555 | 777775 | 87777 | 8888888 | 75857 | 88777 | 888777 | 887 | 85777 | 757 | 55555 | 777 | 44 | 7775 | 44 | 222 | 877 | 488 | 67777 | 857577 | 25 | 888888 | 55 | 77777 | 7777 | 8777 | 877777 | 
