555 | 44888 | 888 | 77777 | 8 | 5555 | 2 | 88777 | 777 | 7777 | 5 | 224 | 8888 | 4 | 777 | 5 | 88 | 857 | 4888 | 77 | 4444 | 
5 | 444 | 5555 | 7877 | 88888 | 8888 | 777 | 5758 | 4 | 22 | 8888888 | 7777 | 7777 | 88 | 5555555 | 85 | 887 | 8888 | 7777 | 777 | 5555 | 444 | 8888 | 777 | 585 | 7777 | 5 | 
8 | 67 | 4 | 9 | 4 | 555 | 7 | 55 | 85758 | 85 | 777 | 585 | 857 | 7575 | 777 | 555 | 877 | 5 | 6777 | 585 | 77 | 5555 | 67 | 337 | 6 | 877 | 5 | 77 | 6777 | 555 | 8 | 66857 | 6 | 109 | 65555 | 8585 | 88 | 777 | 5858 | 8585 | 58 | 8585 | 58585 | 58585 | 87 | 55 | 88 | 98575 | 5775 | 6777 | 888 | 
757 | 55 | 88 | 6 | 887 | 877 | 55 | 88887 | 88 | 7777 | 5 | 9109 | 667 | 655 | 67 | 488 | 105 | 9 | 5 | 105857 | 3 | 655 | 777 | 58 | 85 | 9109 | 8 | 858 | 10 | 4 | 9 | 4 | 109 | 7 | 55555 | 65555 | 655 | 8 | 758 | 555 | 109109 | 88 | 858 | 5555 | 777 | 87 | 55 | 8 | 8585 | 5858 | 758 | 6 | 888 | 58575 | 757 | 55 | 777 | 575 | 757 | 85 | 585 | 7777 | 58 | 555 | 109 | 
7 | 555 | 337 | 8575 | 757 | 8888 | 5775 | 7575 | 58 | 758 | 75 | 87 | 55 | 44 | 377 | 58 | 7585 | 5858 | 77 | 910910 | 4 | 910 | 4 | 777 | 58585 | 585 | 8575 | 58575 | 6655 | 6857 | 555 | 26655 | 877 | 88 | 910910910 | 755 | 8877 | 85 | 9109 | 87 | 88888 | 585858 | 55 | 
777 | 85 | 585757 | 85 | 655 | 7 | 555 | 7 | 335 | 77 | 3 | 85857 | 3 | 65 | 65 | 377777 | 88 | 910910 | 3311 | 666 | 57575 | 8888 | 4 | 77777 | 87 | 87 | 5 | 8888 | 5 | 887 | 910 | 877 | 8578 | 55 | 777777 | 7777 | 585 | 575 | 255 | 677 | 5 | 337 | 4 | 9 | 88 | 10 | 3 | 758 | 777 | 87 | 8777 | 777 | 9 | 5 | 887 | 555 | 888 | 58575 | 888 | 5 | 8888 | 77 | 88 | 77777 | 88 | 5 | 777777 | 8 | 8575 | 37 | 10 | 775 | 887 | 67 | 33777 | 858 | 88888 | 7 | 55 | 88777 | 777 | 8 | 
55 | 10 | 55 | 1 | 655 | 4 | 777 | 55 | 7758 | 8575 | 575 | 57 | 555 | 888887 | 44 | 55 | 77777 | 85 | 6 | 4 | 37777 | 5 | 88 | 7777 | 5555555 | 8887 | 88 | 55 | 
5555 | 3 | 5555 | 1 | 244 | 10910 | 13666 | 7 | 8 | 2 | 910910910 | 5555555 | 66 | 315 | 77 | 88 | 5 | 777 | 5857 | 8575 | 65 | 37 | 887 | 5 | 37 | 88 | 55555 | 5555 | 7585 | 555555 | 910910 | 3 | 2 | 7 | 67 | 85 | 910910 | 1888 | 7585 | 77777 | 88 | 5 | 777 | 5 | 8877 | 
55 | 41113 | 2225 | 6777 | 888 | 75857 | 87 | 487 | 1877 | 87 | 8 | 55 | 77 | 85 | 77 | 55 | 88 | 75857 | 8 | 85758 | 758 | 78 | 4 | 75 | 77 | 88 | 7585 | 7777 | 888 | 7578 | 8585 | 7 | 
555 | 7 | 857 | 857 | 85 | 55555 | 8 | 55 | 88 | 758 | 75 | 157 | 65 | 44444 | 7 | 887 | 55 | 877 | 555 | 7 | 444 | 6 | 87 | 266 | 87 | 857 | 8 | 4877 | 87 | 87 | 55 | 487 | 18 | 55 | 88 | 7777 | 887 | 887 | 87 | 87 | 887 | 87 | 8777 | 665 | 65 | 65 | 88888 | 77 | 55 | 7 | 87 | 87 | 5 | 77777 | 8 | 757 | 85 | 88888 | 777 | 87 | 5 | 77 | 5 | 
55 | 41 | 4 | 3 | 910 | 4 | 77 | 5 | 66 | 87 | 8 | 555 | 888 | 377 | 4 | 3157 | 888 | 4488 | 55 | 777 | 55555 | 75 | 58 | 31 | 675 | 368 | 5555 | 758 | 757 | 3 | 
5 | 8888 | 5555555 | 5555 | 5555 | 77777 | 8 | 4 | 35 | 77 | 41 | 67 | 85 | 9 | 25 | 7 | 65 | 7 | 8 | 9 | 4877 | 858 | 88888 | 5 | 777777 | 88 | 555555 | 888888 | 888 | 55 | 85 | 5775 | 888 | 55 | 88 | 555 | 75 | 58 | 4 | 33 | 685 | 37 | 5 | 777 | 666 | 2 | 
3377 | 88 | 24 | 555 | 33111 | 777 | 88 | 1366 | 377 | 910910 | 910910 | 
555 | 7585 | 77 | 8 | 857575 | 77 | 33 | 655 | 7777 | 8 | 9109 | 77 | 88 | 65 | 7 | 66 | 877 | 55 | 77 | 5858 | 858 | 8577 | 1058 | 98577 | 85 | 66 | 105 | 3777 | 5 | 9109 | 6666666 | 77 | 57585 | 6 | 109 | 85 | 7777 | 8777 | 57 | 85 | 58 | 3 | 585 | 555555 | 5555 | 88 | 55555 | 5555 | 5555 | 5555 | 5555 | 66555 | 109 | 5555 | 666 | 758 | 666 | 8575 | 6 | 88 | 858 | 857 | 85 | 777 | 6 | 88 | 55 | 66 | 
55 | 77 | 5555 | 7 | 857 | 55 | 7777 | 55 | 77 | 44444 | 55 | 75 | 777 | 5 | 777 | 5 | 
444 | 55 | 7 | 5555 | 85 | 77 | 55 | 7 | 55 | 77 | 555 | 7777 | 758 | 7777 | 8888888 | 75857 | 88777 | 888 | 777 | 887 | 85 | 7777 | 575 | 5555 | 777 | 44 | 777 | 5 | 44 | 222 | 877 | 488 | 67777 | 8575 | 77 | 25 | 888888 | 55 | 77777 | 7777 | 8777 | 877777 | 
